1 0.928796
2 0.967986
3 1.07202
4 0.8216
5 1.17288
6 1.03057
7 0.90261
8 1.06835
9 1.07117
10 0.862774
11 1.2198
12 1.11424
13 0.943382
14 0.931482
15 1.03376
16 0.933785
17 0.916909
18 1.07488
19 1.07167
20 0.848112
21 0.987622
22 0.962006
23 1.07122
24 1.15363
25 0.834196
26 1.06846
27 0.985714
28 0.827819
29 1.27288
30 1.01674
31 1.07618
32 1.07579
33 1.13467
34 1.24213
35 1.12274
36 0.920309
37 0.890482
38 1.02209
39 0.971619
40 1.03862
41 1.09065
42 1.06099
43 0.962708
44 1.09955
45 0.997243
46 0.768795
47 0.926507
48 0.902573
49 0.855978
50 0.971135
51 0.963595
52 0.866068
53 1.20088
54 0.957815
55 1.11825
56 0.996408
57 0.920619
