1 9.51635
2 9.18281
3 8.57831
4 10.5214
5 11.7131
6 8.82928
7 3.67547
8 15.3488
9 4.32017
10 13.7271
11 6.84657
12 5.72839
13 6.311
14 8.09205
15 5.48914
16 6.0685
17 9.65805
18 5.39786
19 13.827
20 6.70177
21 4.40195
22 14.3917
23 5.76577
24 4.82851
25 4.57071
26 5.33475
27 5.00178
28 5.54345
29 6.25132
30 5.64027
31 9.3151
32 11.4425
33 6.23334
34 4.86466
35 7.28661
36 8.8005
37 3.87036
38 4.13989
39 4.88963
40 2.50765
41 3.50113
42 1.98432
43 2.84592
44 2.938
45 2.35863
46 1.48233
47 1.0763
48 2.44034
49 2.65456
50 1.51151
51 1.89671
52 0.908774
53 1.50935
54 1.08244
55 1.2811
56 1.00927
57 0.879045
